(kicad_pcb (version 20171130) (host pcbnew "(5.1.5)-3")

  (general
    (thickness 1.6)
    (drawings 10)
    (tracks 111)
    (zones 0)
    (modules 14)
    (nets 12)
  )

  (page A4)
  (layers
    (0 F.Cu signal)
    (31 B.Cu signal)
    (32 B.Adhes user)
    (33 F.Adhes user)
    (34 B.Paste user)
    (35 F.Paste user)
    (36 B.SilkS user)
    (37 F.SilkS user)
    (38 B.Mask user)
    (39 F.Mask user)
    (40 Dwgs.User user)
    (41 Cmts.User user)
    (42 Eco1.User user)
    (43 Eco2.User user)
    (44 Edge.Cuts user)
    (45 Margin user)
    (46 B.CrtYd user)
    (47 F.CrtYd user)
    (48 B.Fab user)
    (49 F.Fab user)
  )

  (setup
    (last_trace_width 0.25)
    (trace_clearance 0.2)
    (zone_clearance 0.508)
    (zone_45_only no)
    (trace_min 0.2)
    (via_size 0.8)
    (via_drill 0.4)
    (via_min_size 0.4)
    (via_min_drill 0.3)
    (uvia_size 0.3)
    (uvia_drill 0.1)
    (uvias_allowed no)
    (uvia_min_size 0.2)
    (uvia_min_drill 0.1)
    (edge_width 0.1)
    (segment_width 0.2)
    (pcb_text_width 0.3)
    (pcb_text_size 1.5 1.5)
    (mod_edge_width 0.15)
    (mod_text_size 1 1)
    (mod_text_width 0.15)
    (pad_size 1.524 1.524)
    (pad_drill 0.762)
    (pad_to_mask_clearance 0)
    (aux_axis_origin 0 0)
    (visible_elements 7FFFFFFF)
    (pcbplotparams
      (layerselection 0x010fc_ffffffff)
      (usegerberextensions false)
      (usegerberattributes false)
      (usegerberadvancedattributes false)
      (creategerberjobfile false)
      (excludeedgelayer true)
      (linewidth 0.100000)
      (plotframeref false)
      (viasonmask false)
      (mode 1)
      (useauxorigin false)
      (hpglpennumber 1)
      (hpglpenspeed 20)
      (hpglpendiameter 15.000000)
      (psnegative false)
      (psa4output false)
      (plotreference true)
      (plotvalue true)
      (plotinvisibletext false)
      (padsonsilk false)
      (subtractmaskfromsilk false)
      (outputformat 1)
      (mirror false)
      (drillshape 0)
      (scaleselection 1)
      (outputdirectory ""))
  )

  (net 0 "")
  (net 1 "Net-(C10-Pad1)")
  (net 2 GND)
  (net 3 "Net-(D1-Pad1)")
  (net 4 "Net-(D1-Pad2)")
  (net 5 "Net-(D2-Pad1)")
  (net 6 "Net-(D2-Pad2)")
  (net 7 "Net-(IC3-Pad2)")
  (net 8 "Net-(IC3-Pad4)")
  (net 9 "Net-(IC3-Pad7)")
  (net 10 "Net-(IC3-Pad8)")
  (net 11 "Net-(C7-Pad1)")

  (net_class Default "Dit is de standaard class."
    (clearance 0.2)
    (trace_width 0.25)
    (via_dia 0.8)
    (via_drill 0.4)
    (uvia_dia 0.3)
    (uvia_drill 0.1)
    (add_net GND)
    (add_net "Net-(C10-Pad1)")
    (add_net "Net-(C7-Pad1)")
    (add_net "Net-(D1-Pad1)")
    (add_net "Net-(D1-Pad2)")
    (add_net "Net-(D2-Pad1)")
    (add_net "Net-(D2-Pad2)")
    (add_net "Net-(IC3-Pad2)")
    (add_net "Net-(IC3-Pad4)")
    (add_net "Net-(IC3-Pad7)")
    (add_net "Net-(IC3-Pad8)")
  )

  (module IR_TH:OP294 (layer F.Cu) (tedit 0) (tstamp 60367577)
    (at 78.232 59.436)
    (descr OP294-2)
    (tags LED)
    (path /602E2DA3)
    (fp_text reference D2 (at 0 1.27) (layer F.SilkS)
      (effects (font (size 1.27 1.27) (thickness 0.254)))
    )
    (fp_text value IR (at 0 1.27) (layer F.SilkS) hide
      (effects (font (size 1.27 1.27) (thickness 0.254)))
    )
    (fp_text user %R (at 0 1.27) (layer F.Fab)
      (effects (font (size 1.27 1.27) (thickness 0.254)))
    )
    (fp_line (start -3.985 -2.715) (end 3.985 -2.715) (layer F.CrtYd) (width 0.1))
    (fp_line (start 3.985 -2.715) (end 3.985 5.255) (layer F.CrtYd) (width 0.1))
    (fp_line (start 3.985 5.255) (end -3.985 5.255) (layer F.CrtYd) (width 0.1))
    (fp_line (start -3.985 5.255) (end -3.985 -2.715) (layer F.CrtYd) (width 0.1))
    (fp_line (start -3.985 -2.715) (end 3.985 -2.715) (layer F.CrtYd) (width 0.1))
    (fp_line (start 3.985 -2.715) (end 3.985 5.255) (layer F.CrtYd) (width 0.1))
    (fp_line (start 3.985 5.255) (end -3.985 5.255) (layer F.CrtYd) (width 0.1))
    (fp_line (start -3.985 5.255) (end -3.985 -2.715) (layer F.CrtYd) (width 0.1))
    (fp_line (start -2.985 1.27) (end -2.985 1.27) (layer F.Fab) (width 0.1))
    (fp_line (start 2.985 1.27) (end 2.985 1.27) (layer F.Fab) (width 0.1))
    (fp_line (start -2.985 1.27) (end -2.985 1.27) (layer F.SilkS) (width 0.2))
    (fp_line (start 2.985 1.27) (end 2.985 1.27) (layer F.SilkS) (width 0.2))
    (fp_line (start -0.2 -2.2) (end -0.2 -2.2) (layer F.SilkS) (width 0.1))
    (fp_line (start -0.1 -2.2) (end -0.1 -2.2) (layer F.SilkS) (width 0.1))
    (fp_arc (start 0 1.27) (end -2.985 1.27) (angle -180) (layer F.Fab) (width 0.1))
    (fp_arc (start 0 1.27) (end 2.985 1.27) (angle -180) (layer F.Fab) (width 0.1))
    (fp_arc (start 0 1.27) (end -2.985 1.27) (angle -180) (layer F.SilkS) (width 0.2))
    (fp_arc (start 0 1.27) (end 2.985 1.27) (angle -180) (layer F.SilkS) (width 0.2))
    (fp_arc (start -0.15 -2.2) (end -0.2 -2.2) (angle -180) (layer F.SilkS) (width 0.1))
    (fp_arc (start -0.15 -2.2) (end -0.1 -2.2) (angle -180) (layer F.SilkS) (width 0.1))
    (pad 1 thru_hole circle (at 0 0) (size 1.431 1.431) (drill 0.92) (layers *.Cu *.Mask)
      (net 5 "Net-(D2-Pad1)"))
    (pad 2 thru_hole circle (at 0 2.54) (size 1.431 1.431) (drill 0.92) (layers *.Cu *.Mask)
      (net 6 "Net-(D2-Pad2)"))
    (model "D:\\Kicad oefeningen\\eerste test\\library\\IR_TH\\SamacSys_Parts.3dshapes\\OP294.stp"
      (at (xyz 0 0 0))
      (scale (xyz 1 1 1))
      (rotate (xyz 0 0 0))
    )
  )

  (module Capacitor_SMD:C_1206_3216Metric_Pad1.42x1.75mm_HandSolder (layer B.Cu) (tedit 5B301BBE) (tstamp 60366790)
    (at 91.948 60.198)
    (descr "Capacitor SMD 1206 (3216 Metric), square (rectangular) end terminal, IPC_7351 nominal with elongated pad for handsoldering. (Body size source: http://www.tortai-tech.com/upload/download/2011102023233369053.pdf), generated with kicad-footprint-generator")
    (tags "capacitor handsolder")
    (path /602EE746)
    (attr smd)
    (fp_text reference C7 (at 0 1.82) (layer B.SilkS)
      (effects (font (size 1 1) (thickness 0.15)) (justify mirror))
    )
    (fp_text value 22µF (at 0 -1.82) (layer B.Fab)
      (effects (font (size 1 1) (thickness 0.15)) (justify mirror))
    )
    (fp_line (start -1.6 -0.8) (end -1.6 0.8) (layer B.Fab) (width 0.1))
    (fp_line (start -1.6 0.8) (end 1.6 0.8) (layer B.Fab) (width 0.1))
    (fp_line (start 1.6 0.8) (end 1.6 -0.8) (layer B.Fab) (width 0.1))
    (fp_line (start 1.6 -0.8) (end -1.6 -0.8) (layer B.Fab) (width 0.1))
    (fp_line (start -0.602064 0.91) (end 0.602064 0.91) (layer B.SilkS) (width 0.12))
    (fp_line (start -0.602064 -0.91) (end 0.602064 -0.91) (layer B.SilkS) (width 0.12))
    (fp_line (start -2.45 -1.12) (end -2.45 1.12) (layer B.CrtYd) (width 0.05))
    (fp_line (start -2.45 1.12) (end 2.45 1.12) (layer B.CrtYd) (width 0.05))
    (fp_line (start 2.45 1.12) (end 2.45 -1.12) (layer B.CrtYd) (width 0.05))
    (fp_line (start 2.45 -1.12) (end -2.45 -1.12) (layer B.CrtYd) (width 0.05))
    (fp_text user %R (at 0 0) (layer B.Fab)
      (effects (font (size 0.8 0.8) (thickness 0.12)) (justify mirror))
    )
    (pad 1 smd roundrect (at -1.4875 0) (size 1.425 1.75) (layers B.Cu B.Paste B.Mask) (roundrect_rratio 0.175439)
      (net 11 "Net-(C7-Pad1)"))
    (pad 2 smd roundrect (at 1.4875 0) (size 1.425 1.75) (layers B.Cu B.Paste B.Mask) (roundrect_rratio 0.175439)
      (net 2 GND))
    (model ${KISYS3DMOD}/Capacitor_SMD.3dshapes/C_1206_3216Metric.wrl
      (at (xyz 0 0 0))
      (scale (xyz 1 1 1))
      (rotate (xyz 0 0 0))
    )
  )

  (module Capacitor_SMD:C_1206_3216Metric_Pad1.42x1.75mm_HandSolder (layer B.Cu) (tedit 5B301BBE) (tstamp 603667A1)
    (at 91.948 69.85)
    (descr "Capacitor SMD 1206 (3216 Metric), square (rectangular) end terminal, IPC_7351 nominal with elongated pad for handsoldering. (Body size source: http://www.tortai-tech.com/upload/download/2011102023233369053.pdf), generated with kicad-footprint-generator")
    (tags "capacitor handsolder")
    (path /602EF3F1)
    (attr smd)
    (fp_text reference C8 (at 0 1.82) (layer B.SilkS)
      (effects (font (size 1 1) (thickness 0.15)) (justify mirror))
    )
    (fp_text value 100nF (at 0 -1.82) (layer B.Fab)
      (effects (font (size 1 1) (thickness 0.15)) (justify mirror))
    )
    (fp_line (start -1.6 -0.8) (end -1.6 0.8) (layer B.Fab) (width 0.1))
    (fp_line (start -1.6 0.8) (end 1.6 0.8) (layer B.Fab) (width 0.1))
    (fp_line (start 1.6 0.8) (end 1.6 -0.8) (layer B.Fab) (width 0.1))
    (fp_line (start 1.6 -0.8) (end -1.6 -0.8) (layer B.Fab) (width 0.1))
    (fp_line (start -0.602064 0.91) (end 0.602064 0.91) (layer B.SilkS) (width 0.12))
    (fp_line (start -0.602064 -0.91) (end 0.602064 -0.91) (layer B.SilkS) (width 0.12))
    (fp_line (start -2.45 -1.12) (end -2.45 1.12) (layer B.CrtYd) (width 0.05))
    (fp_line (start -2.45 1.12) (end 2.45 1.12) (layer B.CrtYd) (width 0.05))
    (fp_line (start 2.45 1.12) (end 2.45 -1.12) (layer B.CrtYd) (width 0.05))
    (fp_line (start 2.45 -1.12) (end -2.45 -1.12) (layer B.CrtYd) (width 0.05))
    (fp_text user %R (at 0 0) (layer B.Fab)
      (effects (font (size 0.8 0.8) (thickness 0.12)) (justify mirror))
    )
    (pad 1 smd roundrect (at -1.4875 0) (size 1.425 1.75) (layers B.Cu B.Paste B.Mask) (roundrect_rratio 0.175439)
      (net 11 "Net-(C7-Pad1)"))
    (pad 2 smd roundrect (at 1.4875 0) (size 1.425 1.75) (layers B.Cu B.Paste B.Mask) (roundrect_rratio 0.175439)
      (net 2 GND))
    (model ${KISYS3DMOD}/Capacitor_SMD.3dshapes/C_1206_3216Metric.wrl
      (at (xyz 0 0 0))
      (scale (xyz 1 1 1))
      (rotate (xyz 0 0 0))
    )
  )

  (module Capacitor_SMD:C_1206_3216Metric_Pad1.42x1.75mm_HandSolder (layer B.Cu) (tedit 5B301BBE) (tstamp 603667B2)
    (at 91.9845 66.802)
    (descr "Capacitor SMD 1206 (3216 Metric), square (rectangular) end terminal, IPC_7351 nominal with elongated pad for handsoldering. (Body size source: http://www.tortai-tech.com/upload/download/2011102023233369053.pdf), generated with kicad-footprint-generator")
    (tags "capacitor handsolder")
    (path /602F0105)
    (attr smd)
    (fp_text reference C9 (at 0 1.82) (layer B.SilkS)
      (effects (font (size 1 1) (thickness 0.15)) (justify mirror))
    )
    (fp_text value 100nF (at 0 -1.82) (layer B.Fab)
      (effects (font (size 1 1) (thickness 0.15)) (justify mirror))
    )
    (fp_text user %R (at 0 0) (layer B.Fab)
      (effects (font (size 0.8 0.8) (thickness 0.12)) (justify mirror))
    )
    (fp_line (start 2.45 -1.12) (end -2.45 -1.12) (layer B.CrtYd) (width 0.05))
    (fp_line (start 2.45 1.12) (end 2.45 -1.12) (layer B.CrtYd) (width 0.05))
    (fp_line (start -2.45 1.12) (end 2.45 1.12) (layer B.CrtYd) (width 0.05))
    (fp_line (start -2.45 -1.12) (end -2.45 1.12) (layer B.CrtYd) (width 0.05))
    (fp_line (start -0.602064 -0.91) (end 0.602064 -0.91) (layer B.SilkS) (width 0.12))
    (fp_line (start -0.602064 0.91) (end 0.602064 0.91) (layer B.SilkS) (width 0.12))
    (fp_line (start 1.6 -0.8) (end -1.6 -0.8) (layer B.Fab) (width 0.1))
    (fp_line (start 1.6 0.8) (end 1.6 -0.8) (layer B.Fab) (width 0.1))
    (fp_line (start -1.6 0.8) (end 1.6 0.8) (layer B.Fab) (width 0.1))
    (fp_line (start -1.6 -0.8) (end -1.6 0.8) (layer B.Fab) (width 0.1))
    (pad 2 smd roundrect (at 1.4875 0) (size 1.425 1.75) (layers B.Cu B.Paste B.Mask) (roundrect_rratio 0.175439)
      (net 2 GND))
    (pad 1 smd roundrect (at -1.4875 0) (size 1.425 1.75) (layers B.Cu B.Paste B.Mask) (roundrect_rratio 0.175439)
      (net 1 "Net-(C10-Pad1)"))
    (model ${KISYS3DMOD}/Capacitor_SMD.3dshapes/C_1206_3216Metric.wrl
      (at (xyz 0 0 0))
      (scale (xyz 1 1 1))
      (rotate (xyz 0 0 0))
    )
  )

  (module Capacitor_SMD:C_1206_3216Metric_Pad1.42x1.75mm_HandSolder (layer B.Cu) (tedit 5B301BBE) (tstamp 603667C3)
    (at 91.948 63.5)
    (descr "Capacitor SMD 1206 (3216 Metric), square (rectangular) end terminal, IPC_7351 nominal with elongated pad for handsoldering. (Body size source: http://www.tortai-tech.com/upload/download/2011102023233369053.pdf), generated with kicad-footprint-generator")
    (tags "capacitor handsolder")
    (path /602EEE39)
    (attr smd)
    (fp_text reference C10 (at 0 1.82) (layer B.SilkS)
      (effects (font (size 1 1) (thickness 0.15)) (justify mirror))
    )
    (fp_text value 10µF (at 0 -1.82) (layer B.Fab)
      (effects (font (size 1 1) (thickness 0.15)) (justify mirror))
    )
    (fp_text user %R (at 0 0) (layer B.Fab)
      (effects (font (size 0.8 0.8) (thickness 0.12)) (justify mirror))
    )
    (fp_line (start 2.45 -1.12) (end -2.45 -1.12) (layer B.CrtYd) (width 0.05))
    (fp_line (start 2.45 1.12) (end 2.45 -1.12) (layer B.CrtYd) (width 0.05))
    (fp_line (start -2.45 1.12) (end 2.45 1.12) (layer B.CrtYd) (width 0.05))
    (fp_line (start -2.45 -1.12) (end -2.45 1.12) (layer B.CrtYd) (width 0.05))
    (fp_line (start -0.602064 -0.91) (end 0.602064 -0.91) (layer B.SilkS) (width 0.12))
    (fp_line (start -0.602064 0.91) (end 0.602064 0.91) (layer B.SilkS) (width 0.12))
    (fp_line (start 1.6 -0.8) (end -1.6 -0.8) (layer B.Fab) (width 0.1))
    (fp_line (start 1.6 0.8) (end 1.6 -0.8) (layer B.Fab) (width 0.1))
    (fp_line (start -1.6 0.8) (end 1.6 0.8) (layer B.Fab) (width 0.1))
    (fp_line (start -1.6 -0.8) (end -1.6 0.8) (layer B.Fab) (width 0.1))
    (pad 2 smd roundrect (at 1.4875 0) (size 1.425 1.75) (layers B.Cu B.Paste B.Mask) (roundrect_rratio 0.175439)
      (net 2 GND))
    (pad 1 smd roundrect (at -1.4875 0) (size 1.425 1.75) (layers B.Cu B.Paste B.Mask) (roundrect_rratio 0.175439)
      (net 1 "Net-(C10-Pad1)"))
    (model ${KISYS3DMOD}/Capacitor_SMD.3dshapes/C_1206_3216Metric.wrl
      (at (xyz 0 0 0))
      (scale (xyz 1 1 1))
      (rotate (xyz 0 0 0))
    )
  )

  (module LED_SMD:LED_1206_3216Metric_Pad1.42x1.75mm_HandSolder (layer F.Cu) (tedit 5B4B45C9) (tstamp 603667D6)
    (at 77.978 68.58)
    (descr "LED SMD 1206 (3216 Metric), square (rectangular) end terminal, IPC_7351 nominal, (Body size source: http://www.tortai-tech.com/upload/download/2011102023233369053.pdf), generated with kicad-footprint-generator")
    (tags "LED handsolder")
    (path /602E4191)
    (attr smd)
    (fp_text reference D1 (at 0 -1.82) (layer F.SilkS)
      (effects (font (size 1 1) (thickness 0.15)))
    )
    (fp_text value IR (at 0 1.82) (layer F.Fab)
      (effects (font (size 1 1) (thickness 0.15)))
    )
    (fp_line (start 1.6 -0.8) (end -1.2 -0.8) (layer F.Fab) (width 0.1))
    (fp_line (start -1.2 -0.8) (end -1.6 -0.4) (layer F.Fab) (width 0.1))
    (fp_line (start -1.6 -0.4) (end -1.6 0.8) (layer F.Fab) (width 0.1))
    (fp_line (start -1.6 0.8) (end 1.6 0.8) (layer F.Fab) (width 0.1))
    (fp_line (start 1.6 0.8) (end 1.6 -0.8) (layer F.Fab) (width 0.1))
    (fp_line (start 1.6 -1.135) (end -2.46 -1.135) (layer F.SilkS) (width 0.12))
    (fp_line (start -2.46 -1.135) (end -2.46 1.135) (layer F.SilkS) (width 0.12))
    (fp_line (start -2.46 1.135) (end 1.6 1.135) (layer F.SilkS) (width 0.12))
    (fp_line (start -2.45 1.12) (end -2.45 -1.12) (layer F.CrtYd) (width 0.05))
    (fp_line (start -2.45 -1.12) (end 2.45 -1.12) (layer F.CrtYd) (width 0.05))
    (fp_line (start 2.45 -1.12) (end 2.45 1.12) (layer F.CrtYd) (width 0.05))
    (fp_line (start 2.45 1.12) (end -2.45 1.12) (layer F.CrtYd) (width 0.05))
    (fp_text user %R (at 0 0) (layer F.Fab)
      (effects (font (size 0.8 0.8) (thickness 0.12)))
    )
    (pad 1 smd roundrect (at -1.4875 0) (size 1.425 1.75) (layers F.Cu F.Paste F.Mask) (roundrect_rratio 0.175439)
      (net 3 "Net-(D1-Pad1)"))
    (pad 2 smd roundrect (at 1.4875 0) (size 1.425 1.75) (layers F.Cu F.Paste F.Mask) (roundrect_rratio 0.175439)
      (net 4 "Net-(D1-Pad2)"))
    (model ${KISYS3DMOD}/LED_SMD.3dshapes/LED_1206_3216Metric.wrl
      (at (xyz 0 0 0))
      (scale (xyz 1 1 1))
      (rotate (xyz 0 0 0))
    )
  )

  (module naderingssensor_zonderIR:naderingssensor_zonderIR (layer F.Cu) (tedit 0) (tstamp 60366814)
    (at 108.458 65.024 90)
    (descr VCNL4035X01-GS08-2)
    (tags "Integrated Circuit")
    (path /602D1C5E)
    (attr smd)
    (fp_text reference IC3 (at 0 -0.435 90) (layer F.SilkS)
      (effects (font (size 1.27 1.27) (thickness 0.254)))
    )
    (fp_text value VCNL4035X01-GS08 (at 0 -0.435 90) (layer F.SilkS) hide
      (effects (font (size 1.27 1.27) (thickness 0.254)))
    )
    (fp_text user %R (at 0 -0.435 90) (layer F.Fab)
      (effects (font (size 1.27 1.27) (thickness 0.254)))
    )
    (fp_line (start -2 1.18) (end 2 1.18) (layer F.Fab) (width 0.2))
    (fp_line (start 2 1.18) (end 2 -1.18) (layer F.Fab) (width 0.2))
    (fp_line (start 2 -1.18) (end -2 -1.18) (layer F.Fab) (width 0.2))
    (fp_line (start -2 -1.18) (end -2 1.18) (layer F.Fab) (width 0.2))
    (fp_line (start -2 -0.25) (end -2 -0.25) (layer F.SilkS) (width 0.1))
    (fp_line (start -2 -0.25) (end -2 0.25) (layer F.SilkS) (width 0.1))
    (fp_line (start -2 0.25) (end -2 0.25) (layer F.SilkS) (width 0.1))
    (fp_line (start -2 0.25) (end -2 -0.25) (layer F.SilkS) (width 0.1))
    (fp_line (start 2 -0.25) (end 2 -0.25) (layer F.SilkS) (width 0.1))
    (fp_line (start 2 -0.25) (end 2 0.25) (layer F.SilkS) (width 0.1))
    (fp_line (start 2 0.25) (end 2 0.25) (layer F.SilkS) (width 0.1))
    (fp_line (start 2 0.25) (end 2 -0.25) (layer F.SilkS) (width 0.1))
    (fp_line (start -3 -3.2) (end 3 -3.2) (layer F.CrtYd) (width 0.1))
    (fp_line (start 3 -3.2) (end 3 2.33) (layer F.CrtYd) (width 0.1))
    (fp_line (start 3 2.33) (end -3 2.33) (layer F.CrtYd) (width 0.1))
    (fp_line (start -3 2.33) (end -3 -3.2) (layer F.CrtYd) (width 0.1))
    (fp_line (start 1.575 -2.2) (end 1.575 -2.2) (layer F.SilkS) (width 0.2))
    (fp_line (start 1.575 -2.1) (end 1.575 -2.1) (layer F.SilkS) (width 0.2))
    (fp_line (start 1.575 -2.2) (end 1.575 -2.2) (layer F.SilkS) (width 0.2))
    (fp_arc (start 1.575 -2.15) (end 1.575 -2.2) (angle -180) (layer F.SilkS) (width 0.2))
    (fp_arc (start 1.575 -2.15) (end 1.575 -2.1) (angle -180) (layer F.SilkS) (width 0.2))
    (fp_arc (start 1.575 -2.15) (end 1.575 -2.2) (angle -180) (layer F.SilkS) (width 0.2))
    (pad 1 smd rect (at 1.575 -0.98 180) (size 0.7 0.75) (layers F.Cu F.Paste F.Mask)
      (net 1 "Net-(C10-Pad1)"))
    (pad 2 smd rect (at 0.525 -0.98 180) (size 0.7 0.75) (layers F.Cu F.Paste F.Mask)
      (net 7 "Net-(IC3-Pad2)"))
    (pad 3 smd rect (at -0.525 -0.98 180) (size 0.7 0.75) (layers F.Cu F.Paste F.Mask)
      (net 2 GND))
    (pad 4 smd rect (at -1.575 -0.98 180) (size 0.7 0.75) (layers F.Cu F.Paste F.Mask)
      (net 8 "Net-(IC3-Pad4)"))
    (pad 5 smd rect (at -1.575 0.98 180) (size 0.7 0.75) (layers F.Cu F.Paste F.Mask)
      (net 3 "Net-(D1-Pad1)"))
    (pad 6 smd rect (at -0.525 0.98 180) (size 0.7 0.75) (layers F.Cu F.Paste F.Mask)
      (net 5 "Net-(D2-Pad1)"))
    (pad 7 smd rect (at 0.525 0.98 180) (size 0.7 0.75) (layers F.Cu F.Paste F.Mask)
      (net 9 "Net-(IC3-Pad7)"))
    (pad 8 smd rect (at 1.575 0.98 180) (size 0.7 0.75) (layers F.Cu F.Paste F.Mask)
      (net 10 "Net-(IC3-Pad8)"))
    (model "D:\\Kicad oefeningen\\eerste test\\library\\naderingssensor_zonderIR\\SamacSys_Parts.3dshapes\\VCNL4035X01-GS08.stp"
      (at (xyz 0 0 0))
      (scale (xyz 1 1 1))
      (rotate (xyz 0 0 0))
    )
  )

  (module Connector_PinHeader_2.54mm:PinHeader_1x05_P2.54mm_Vertical (layer F.Cu) (tedit 59FED5CC) (tstamp 6036682D)
    (at 71.675001 58.975001)
    (descr "Through hole straight pin header, 1x05, 2.54mm pitch, single row")
    (tags "Through hole pin header THT 1x05 2.54mm single row")
    (path /60357393)
    (fp_text reference J4 (at 0 -2.33) (layer F.SilkS)
      (effects (font (size 1 1) (thickness 0.15)))
    )
    (fp_text value Conn_01x05_Male (at 0 12.49) (layer F.Fab)
      (effects (font (size 1 1) (thickness 0.15)))
    )
    (fp_line (start -0.635 -1.27) (end 1.27 -1.27) (layer F.Fab) (width 0.1))
    (fp_line (start 1.27 -1.27) (end 1.27 11.43) (layer F.Fab) (width 0.1))
    (fp_line (start 1.27 11.43) (end -1.27 11.43) (layer F.Fab) (width 0.1))
    (fp_line (start -1.27 11.43) (end -1.27 -0.635) (layer F.Fab) (width 0.1))
    (fp_line (start -1.27 -0.635) (end -0.635 -1.27) (layer F.Fab) (width 0.1))
    (fp_line (start -1.33 11.49) (end 1.33 11.49) (layer F.SilkS) (width 0.12))
    (fp_line (start -1.33 1.27) (end -1.33 11.49) (layer F.SilkS) (width 0.12))
    (fp_line (start 1.33 1.27) (end 1.33 11.49) (layer F.SilkS) (width 0.12))
    (fp_line (start -1.33 1.27) (end 1.33 1.27) (layer F.SilkS) (width 0.12))
    (fp_line (start -1.33 0) (end -1.33 -1.33) (layer F.SilkS) (width 0.12))
    (fp_line (start -1.33 -1.33) (end 0 -1.33) (layer F.SilkS) (width 0.12))
    (fp_line (start -1.8 -1.8) (end -1.8 11.95) (layer F.CrtYd) (width 0.05))
    (fp_line (start -1.8 11.95) (end 1.8 11.95) (layer F.CrtYd) (width 0.05))
    (fp_line (start 1.8 11.95) (end 1.8 -1.8) (layer F.CrtYd) (width 0.05))
    (fp_line (start 1.8 -1.8) (end -1.8 -1.8) (layer F.CrtYd) (width 0.05))
    (fp_text user %R (at 0 5.08 90) (layer F.Fab)
      (effects (font (size 1 1) (thickness 0.15)))
    )
    (pad 1 thru_hole rect (at 0 0) (size 1.7 1.7) (drill 1) (layers *.Cu *.Mask)
      (net 2 GND))
    (pad 2 thru_hole oval (at 0 2.54) (size 1.7 1.7) (drill 1) (layers *.Cu *.Mask)
      (net 7 "Net-(IC3-Pad2)"))
    (pad 3 thru_hole oval (at 0 5.08) (size 1.7 1.7) (drill 1) (layers *.Cu *.Mask)
      (net 10 "Net-(IC3-Pad8)"))
    (pad 4 thru_hole oval (at 0 7.62) (size 1.7 1.7) (drill 1) (layers *.Cu *.Mask)
      (net 9 "Net-(IC3-Pad7)"))
    (pad 5 thru_hole oval (at 0 10.16) (size 1.7 1.7) (drill 1) (layers *.Cu *.Mask)
      (net 11 "Net-(C7-Pad1)"))
    (model ${KISYS3DMOD}/Connector_PinHeader_2.54mm.3dshapes/PinHeader_1x05_P2.54mm_Vertical.wrl
      (at (xyz 0 0 0))
      (scale (xyz 1 1 1))
      (rotate (xyz 0 0 0))
    )
  )

  (module Connector_PinHeader_2.54mm:PinHeader_1x02_P2.54mm_Vertical (layer F.Cu) (tedit 59FED5CC) (tstamp 60366843)
    (at 85.344 67.564)
    (descr "Through hole straight pin header, 1x02, 2.54mm pitch, single row")
    (tags "Through hole pin header THT 1x02 2.54mm single row")
    (path /602E812B)
    (fp_text reference JP1 (at 0 4.826) (layer F.SilkS)
      (effects (font (size 1 1) (thickness 0.15)))
    )
    (fp_text value Jumper (at 0 4.87) (layer F.Fab)
      (effects (font (size 1 1) (thickness 0.15)))
    )
    (fp_line (start -0.635 -1.27) (end 1.27 -1.27) (layer F.Fab) (width 0.1))
    (fp_line (start 1.27 -1.27) (end 1.27 3.81) (layer F.Fab) (width 0.1))
    (fp_line (start 1.27 3.81) (end -1.27 3.81) (layer F.Fab) (width 0.1))
    (fp_line (start -1.27 3.81) (end -1.27 -0.635) (layer F.Fab) (width 0.1))
    (fp_line (start -1.27 -0.635) (end -0.635 -1.27) (layer F.Fab) (width 0.1))
    (fp_line (start -1.33 3.87) (end 1.33 3.87) (layer F.SilkS) (width 0.12))
    (fp_line (start -1.33 1.27) (end -1.33 3.87) (layer F.SilkS) (width 0.12))
    (fp_line (start 1.33 1.27) (end 1.33 3.87) (layer F.SilkS) (width 0.12))
    (fp_line (start -1.33 1.27) (end 1.33 1.27) (layer F.SilkS) (width 0.12))
    (fp_line (start -1.33 0) (end -1.33 -1.33) (layer F.SilkS) (width 0.12))
    (fp_line (start -1.33 -1.33) (end 0 -1.33) (layer F.SilkS) (width 0.12))
    (fp_line (start -1.8 -1.8) (end -1.8 4.35) (layer F.CrtYd) (width 0.05))
    (fp_line (start -1.8 4.35) (end 1.8 4.35) (layer F.CrtYd) (width 0.05))
    (fp_line (start 1.8 4.35) (end 1.8 -1.8) (layer F.CrtYd) (width 0.05))
    (fp_line (start 1.8 -1.8) (end -1.8 -1.8) (layer F.CrtYd) (width 0.05))
    (fp_text user %R (at 0 1.27 90) (layer F.Fab)
      (effects (font (size 1 1) (thickness 0.15)))
    )
    (pad 1 thru_hole rect (at 0 0) (size 1.7 1.7) (drill 1) (layers *.Cu *.Mask)
      (net 11 "Net-(C7-Pad1)"))
    (pad 2 thru_hole oval (at 0 2.54) (size 1.7 1.7) (drill 1) (layers *.Cu *.Mask)
      (net 4 "Net-(D1-Pad2)"))
    (model ${KISYS3DMOD}/Connector_PinHeader_2.54mm.3dshapes/PinHeader_1x02_P2.54mm_Vertical.wrl
      (at (xyz 0 0 0))
      (scale (xyz 1 1 1))
      (rotate (xyz 0 0 0))
    )
  )

  (module Connector_PinHeader_2.54mm:PinHeader_1x02_P2.54mm_Vertical (layer F.Cu) (tedit 59FED5CC) (tstamp 60366859)
    (at 85.344 62.484 180)
    (descr "Through hole straight pin header, 1x02, 2.54mm pitch, single row")
    (tags "Through hole pin header THT 1x02 2.54mm single row")
    (path /602EA78B)
    (fp_text reference JP2 (at 0 -2.33) (layer F.SilkS)
      (effects (font (size 1 1) (thickness 0.15)))
    )
    (fp_text value Jumper (at 0 4.87) (layer F.Fab)
      (effects (font (size 1 1) (thickness 0.15)))
    )
    (fp_text user %R (at 0 1.27 90) (layer F.Fab)
      (effects (font (size 1 1) (thickness 0.15)))
    )
    (fp_line (start 1.8 -1.8) (end -1.8 -1.8) (layer F.CrtYd) (width 0.05))
    (fp_line (start 1.8 4.35) (end 1.8 -1.8) (layer F.CrtYd) (width 0.05))
    (fp_line (start -1.8 4.35) (end 1.8 4.35) (layer F.CrtYd) (width 0.05))
    (fp_line (start -1.8 -1.8) (end -1.8 4.35) (layer F.CrtYd) (width 0.05))
    (fp_line (start -1.33 -1.33) (end 0 -1.33) (layer F.SilkS) (width 0.12))
    (fp_line (start -1.33 0) (end -1.33 -1.33) (layer F.SilkS) (width 0.12))
    (fp_line (start -1.33 1.27) (end 1.33 1.27) (layer F.SilkS) (width 0.12))
    (fp_line (start 1.33 1.27) (end 1.33 3.87) (layer F.SilkS) (width 0.12))
    (fp_line (start -1.33 1.27) (end -1.33 3.87) (layer F.SilkS) (width 0.12))
    (fp_line (start -1.33 3.87) (end 1.33 3.87) (layer F.SilkS) (width 0.12))
    (fp_line (start -1.27 -0.635) (end -0.635 -1.27) (layer F.Fab) (width 0.1))
    (fp_line (start -1.27 3.81) (end -1.27 -0.635) (layer F.Fab) (width 0.1))
    (fp_line (start 1.27 3.81) (end -1.27 3.81) (layer F.Fab) (width 0.1))
    (fp_line (start 1.27 -1.27) (end 1.27 3.81) (layer F.Fab) (width 0.1))
    (fp_line (start -0.635 -1.27) (end 1.27 -1.27) (layer F.Fab) (width 0.1))
    (pad 2 thru_hole oval (at 0 2.54 180) (size 1.7 1.7) (drill 1) (layers *.Cu *.Mask)
      (net 6 "Net-(D2-Pad2)"))
    (pad 1 thru_hole rect (at 0 0 180) (size 1.7 1.7) (drill 1) (layers *.Cu *.Mask)
      (net 11 "Net-(C7-Pad1)"))
    (model ${KISYS3DMOD}/Connector_PinHeader_2.54mm.3dshapes/PinHeader_1x02_P2.54mm_Vertical.wrl
      (at (xyz 0 0 0))
      (scale (xyz 1 1 1))
      (rotate (xyz 0 0 0))
    )
  )

  (module Resistor_SMD:R_1206_3216Metric_Pad1.42x1.75mm_HandSolder (layer B.Cu) (tedit 5B301BBD) (tstamp 6036686A)
    (at 98.8425 70.866)
    (descr "Resistor SMD 1206 (3216 Metric), square (rectangular) end terminal, IPC_7351 nominal with elongated pad for handsoldering. (Body size source: http://www.tortai-tech.com/upload/download/2011102023233369053.pdf), generated with kicad-footprint-generator")
    (tags "resistor handsolder")
    (path /603024B4)
    (attr smd)
    (fp_text reference R7 (at 0 1.82) (layer B.SilkS)
      (effects (font (size 1 1) (thickness 0.15)) (justify mirror))
    )
    (fp_text value 2.7K (at 0 -1.82) (layer B.Fab)
      (effects (font (size 1 1) (thickness 0.15)) (justify mirror))
    )
    (fp_text user %R (at 0 0) (layer B.Fab)
      (effects (font (size 0.8 0.8) (thickness 0.12)) (justify mirror))
    )
    (fp_line (start 2.45 -1.12) (end -2.45 -1.12) (layer B.CrtYd) (width 0.05))
    (fp_line (start 2.45 1.12) (end 2.45 -1.12) (layer B.CrtYd) (width 0.05))
    (fp_line (start -2.45 1.12) (end 2.45 1.12) (layer B.CrtYd) (width 0.05))
    (fp_line (start -2.45 -1.12) (end -2.45 1.12) (layer B.CrtYd) (width 0.05))
    (fp_line (start -0.602064 -0.91) (end 0.602064 -0.91) (layer B.SilkS) (width 0.12))
    (fp_line (start -0.602064 0.91) (end 0.602064 0.91) (layer B.SilkS) (width 0.12))
    (fp_line (start 1.6 -0.8) (end -1.6 -0.8) (layer B.Fab) (width 0.1))
    (fp_line (start 1.6 0.8) (end 1.6 -0.8) (layer B.Fab) (width 0.1))
    (fp_line (start -1.6 0.8) (end 1.6 0.8) (layer B.Fab) (width 0.1))
    (fp_line (start -1.6 -0.8) (end -1.6 0.8) (layer B.Fab) (width 0.1))
    (pad 2 smd roundrect (at 1.4875 0) (size 1.425 1.75) (layers B.Cu B.Paste B.Mask) (roundrect_rratio 0.175439)
      (net 7 "Net-(IC3-Pad2)"))
    (pad 1 smd roundrect (at -1.4875 0) (size 1.425 1.75) (layers B.Cu B.Paste B.Mask) (roundrect_rratio 0.175439)
      (net 11 "Net-(C7-Pad1)"))
    (model ${KISYS3DMOD}/Resistor_SMD.3dshapes/R_1206_3216Metric.wrl
      (at (xyz 0 0 0))
      (scale (xyz 1 1 1))
      (rotate (xyz 0 0 0))
    )
  )

  (module Resistor_SMD:R_1206_3216Metric_Pad1.42x1.75mm_HandSolder (layer B.Cu) (tedit 5B301BBD) (tstamp 6036687B)
    (at 99.06 59.944)
    (descr "Resistor SMD 1206 (3216 Metric), square (rectangular) end terminal, IPC_7351 nominal with elongated pad for handsoldering. (Body size source: http://www.tortai-tech.com/upload/download/2011102023233369053.pdf), generated with kicad-footprint-generator")
    (tags "resistor handsolder")
    (path /60302B1E)
    (attr smd)
    (fp_text reference R8 (at 0 1.82) (layer B.SilkS)
      (effects (font (size 1 1) (thickness 0.15)) (justify mirror))
    )
    (fp_text value 2.7k (at 0 -1.82) (layer B.Fab)
      (effects (font (size 1 1) (thickness 0.15)) (justify mirror))
    )
    (fp_line (start -1.6 -0.8) (end -1.6 0.8) (layer B.Fab) (width 0.1))
    (fp_line (start -1.6 0.8) (end 1.6 0.8) (layer B.Fab) (width 0.1))
    (fp_line (start 1.6 0.8) (end 1.6 -0.8) (layer B.Fab) (width 0.1))
    (fp_line (start 1.6 -0.8) (end -1.6 -0.8) (layer B.Fab) (width 0.1))
    (fp_line (start -0.602064 0.91) (end 0.602064 0.91) (layer B.SilkS) (width 0.12))
    (fp_line (start -0.602064 -0.91) (end 0.602064 -0.91) (layer B.SilkS) (width 0.12))
    (fp_line (start -2.45 -1.12) (end -2.45 1.12) (layer B.CrtYd) (width 0.05))
    (fp_line (start -2.45 1.12) (end 2.45 1.12) (layer B.CrtYd) (width 0.05))
    (fp_line (start 2.45 1.12) (end 2.45 -1.12) (layer B.CrtYd) (width 0.05))
    (fp_line (start 2.45 -1.12) (end -2.45 -1.12) (layer B.CrtYd) (width 0.05))
    (fp_text user %R (at 0 0) (layer B.Fab)
      (effects (font (size 0.8 0.8) (thickness 0.12)) (justify mirror))
    )
    (pad 1 smd roundrect (at -1.4875 0) (size 1.425 1.75) (layers B.Cu B.Paste B.Mask) (roundrect_rratio 0.175439)
      (net 11 "Net-(C7-Pad1)"))
    (pad 2 smd roundrect (at 1.4875 0) (size 1.425 1.75) (layers B.Cu B.Paste B.Mask) (roundrect_rratio 0.175439)
      (net 10 "Net-(IC3-Pad8)"))
    (model ${KISYS3DMOD}/Resistor_SMD.3dshapes/R_1206_3216Metric.wrl
      (at (xyz 0 0 0))
      (scale (xyz 1 1 1))
      (rotate (xyz 0 0 0))
    )
  )

  (module Resistor_SMD:R_1206_3216Metric_Pad1.42x1.75mm_HandSolder (layer B.Cu) (tedit 5B301BBD) (tstamp 6036688C)
    (at 99.314 66.294)
    (descr "Resistor SMD 1206 (3216 Metric), square (rectangular) end terminal, IPC_7351 nominal with elongated pad for handsoldering. (Body size source: http://www.tortai-tech.com/upload/download/2011102023233369053.pdf), generated with kicad-footprint-generator")
    (tags "resistor handsolder")
    (path /603033B7)
    (attr smd)
    (fp_text reference R9 (at 0 1.82) (layer B.SilkS)
      (effects (font (size 1 1) (thickness 0.15)) (justify mirror))
    )
    (fp_text value 10k (at 0 -1.82) (layer B.Fab)
      (effects (font (size 1 1) (thickness 0.15)) (justify mirror))
    )
    (fp_text user %R (at 0 0) (layer B.Fab)
      (effects (font (size 0.8 0.8) (thickness 0.12)) (justify mirror))
    )
    (fp_line (start 2.45 -1.12) (end -2.45 -1.12) (layer B.CrtYd) (width 0.05))
    (fp_line (start 2.45 1.12) (end 2.45 -1.12) (layer B.CrtYd) (width 0.05))
    (fp_line (start -2.45 1.12) (end 2.45 1.12) (layer B.CrtYd) (width 0.05))
    (fp_line (start -2.45 -1.12) (end -2.45 1.12) (layer B.CrtYd) (width 0.05))
    (fp_line (start -0.602064 -0.91) (end 0.602064 -0.91) (layer B.SilkS) (width 0.12))
    (fp_line (start -0.602064 0.91) (end 0.602064 0.91) (layer B.SilkS) (width 0.12))
    (fp_line (start 1.6 -0.8) (end -1.6 -0.8) (layer B.Fab) (width 0.1))
    (fp_line (start 1.6 0.8) (end 1.6 -0.8) (layer B.Fab) (width 0.1))
    (fp_line (start -1.6 0.8) (end 1.6 0.8) (layer B.Fab) (width 0.1))
    (fp_line (start -1.6 -0.8) (end -1.6 0.8) (layer B.Fab) (width 0.1))
    (pad 2 smd roundrect (at 1.4875 0) (size 1.425 1.75) (layers B.Cu B.Paste B.Mask) (roundrect_rratio 0.175439)
      (net 9 "Net-(IC3-Pad7)"))
    (pad 1 smd roundrect (at -1.4875 0) (size 1.425 1.75) (layers B.Cu B.Paste B.Mask) (roundrect_rratio 0.175439)
      (net 11 "Net-(C7-Pad1)"))
    (model ${KISYS3DMOD}/Resistor_SMD.3dshapes/R_1206_3216Metric.wrl
      (at (xyz 0 0 0))
      (scale (xyz 1 1 1))
      (rotate (xyz 0 0 0))
    )
  )

  (module Resistor_SMD:R_1206_3216Metric_Pad1.42x1.75mm_HandSolder (layer B.Cu) (tedit 5B301BBD) (tstamp 6036689D)
    (at 99.314 62.738)
    (descr "Resistor SMD 1206 (3216 Metric), square (rectangular) end terminal, IPC_7351 nominal with elongated pad for handsoldering. (Body size source: http://www.tortai-tech.com/upload/download/2011102023233369053.pdf), generated with kicad-footprint-generator")
    (tags "resistor handsolder")
    (path /602FF1EE)
    (attr smd)
    (fp_text reference R10 (at 0 1.82) (layer B.SilkS)
      (effects (font (size 1 1) (thickness 0.15)) (justify mirror))
    )
    (fp_text value 10 (at 0 -1.82) (layer B.Fab)
      (effects (font (size 1 1) (thickness 0.15)) (justify mirror))
    )
    (fp_line (start -1.6 -0.8) (end -1.6 0.8) (layer B.Fab) (width 0.1))
    (fp_line (start -1.6 0.8) (end 1.6 0.8) (layer B.Fab) (width 0.1))
    (fp_line (start 1.6 0.8) (end 1.6 -0.8) (layer B.Fab) (width 0.1))
    (fp_line (start 1.6 -0.8) (end -1.6 -0.8) (layer B.Fab) (width 0.1))
    (fp_line (start -0.602064 0.91) (end 0.602064 0.91) (layer B.SilkS) (width 0.12))
    (fp_line (start -0.602064 -0.91) (end 0.602064 -0.91) (layer B.SilkS) (width 0.12))
    (fp_line (start -2.45 -1.12) (end -2.45 1.12) (layer B.CrtYd) (width 0.05))
    (fp_line (start -2.45 1.12) (end 2.45 1.12) (layer B.CrtYd) (width 0.05))
    (fp_line (start 2.45 1.12) (end 2.45 -1.12) (layer B.CrtYd) (width 0.05))
    (fp_line (start 2.45 -1.12) (end -2.45 -1.12) (layer B.CrtYd) (width 0.05))
    (fp_text user %R (at 0 0) (layer B.Fab)
      (effects (font (size 0.8 0.8) (thickness 0.12)) (justify mirror))
    )
    (pad 1 smd roundrect (at -1.4875 0) (size 1.425 1.75) (layers B.Cu B.Paste B.Mask) (roundrect_rratio 0.175439)
      (net 11 "Net-(C7-Pad1)"))
    (pad 2 smd roundrect (at 1.4875 0) (size 1.425 1.75) (layers B.Cu B.Paste B.Mask) (roundrect_rratio 0.175439)
      (net 1 "Net-(C10-Pad1)"))
    (model ${KISYS3DMOD}/Resistor_SMD.3dshapes/R_1206_3216Metric.wrl
      (at (xyz 0 0 0))
      (scale (xyz 1 1 1))
      (rotate (xyz 0 0 0))
    )
  )

  (gr_text "Zonder IR" (at 106.172 56.134) (layer F.SilkS)
    (effects (font (size 1 1) (thickness 0.15)))
  )
  (gr_text VDD (at 73.914 69.088) (layer F.SilkS)
    (effects (font (size 0.5 0.5) (thickness 0.125)))
  )
  (gr_text INT (at 73.66 66.802) (layer F.SilkS)
    (effects (font (size 0.5 0.5) (thickness 0.125)))
  )
  (gr_text SDA (at 73.914 64.008) (layer F.SilkS)
    (effects (font (size 0.5 0.5) (thickness 0.125)))
  )
  (gr_text SCL (at 73.914 61.468) (layer F.SilkS)
    (effects (font (size 0.5 0.5) (thickness 0.125)))
  )
  (gr_text GND (at 73.914 58.928) (layer F.SilkS)
    (effects (font (size 0.5 0.5) (thickness 0.125)))
  )
  (gr_line (start 68.58 73.66) (end 68.58 54.61) (layer Edge.Cuts) (width 0.1) (tstamp 603673BC))
  (gr_line (start 111.76 73.66) (end 68.58 73.66) (layer Edge.Cuts) (width 0.1))
  (gr_line (start 111.76 54.61) (end 111.76 73.66) (layer Edge.Cuts) (width 0.1))
  (gr_line (start 68.58 54.61) (end 111.76 54.61) (layer Edge.Cuts) (width 0.1))

  (via (at 105.156 68.834) (size 0.8) (drill 0.4) (layers F.Cu B.Cu) (net 9))
  (via (at 102.616 69.85) (size 0.8) (drill 0.4) (layers F.Cu B.Cu) (net 7))
  (via (at 95.504 64.516) (size 0.8) (drill 0.4) (layers F.Cu B.Cu) (net 1))
  (via (at 102.87 64.516) (size 0.8) (drill 0.4) (layers F.Cu B.Cu) (net 1))
  (via (at 103.378 61.468) (size 0.8) (drill 0.4) (layers F.Cu B.Cu) (net 10))
  (segment (start 90.4605 66.7655) (end 90.497 66.802) (width 0.25) (layer B.Cu) (net 1))
  (segment (start 90.4605 63.5) (end 90.4605 66.7655) (width 0.25) (layer B.Cu) (net 1))
  (segment (start 103.435685 64.516) (end 102.87 64.516) (width 0.25) (layer F.Cu) (net 1))
  (segment (start 106.804408 63.449) (end 105.737408 64.516) (width 0.25) (layer F.Cu) (net 1))
  (segment (start 105.737408 64.516) (end 103.435685 64.516) (width 0.25) (layer F.Cu) (net 1))
  (segment (start 107.478 63.449) (end 106.804408 63.449) (width 0.25) (layer F.Cu) (net 1))
  (segment (start 101.092 62.738) (end 100.8015 62.738) (width 0.25) (layer B.Cu) (net 1))
  (segment (start 102.87 64.516) (end 101.092 62.738) (width 0.25) (layer B.Cu) (net 1))
  (segment (start 90.4605 64.375) (end 90.4605 63.5) (width 0.25) (layer B.Cu) (net 1))
  (segment (start 91.001499 64.915999) (end 90.4605 64.375) (width 0.25) (layer B.Cu) (net 1))
  (segment (start 95.104001 64.915999) (end 91.001499 64.915999) (width 0.25) (layer B.Cu) (net 1))
  (segment (start 95.504 64.516) (end 95.104001 64.915999) (width 0.25) (layer B.Cu) (net 1))
  (segment (start 102.87 64.516) (end 95.504 64.516) (width 0.25) (layer F.Cu) (net 1))
  (segment (start 104.14 69.538315) (end 104.14 70.104) (width 0.25) (layer F.Cu) (net 2))
  (segment (start 106.878 65.549) (end 104.14 68.287) (width 0.25) (layer F.Cu) (net 2))
  (segment (start 104.14 68.287) (end 104.14 69.538315) (width 0.25) (layer F.Cu) (net 2))
  (segment (start 107.478 65.549) (end 106.878 65.549) (width 0.25) (layer F.Cu) (net 2))
  (segment (start 95.903999 69.995999) (end 95.504 69.596) (width 0.25) (layer F.Cu) (net 2))
  (segment (start 103.668999 70.575001) (end 96.483001 70.575001) (width 0.25) (layer F.Cu) (net 2))
  (segment (start 96.483001 70.575001) (end 95.903999 69.995999) (width 0.25) (layer F.Cu) (net 2))
  (segment (start 104.14 70.104) (end 103.668999 70.575001) (width 0.25) (layer F.Cu) (net 2))
  (via (at 104.14 70.104) (size 0.8) (drill 0.4) (layers F.Cu B.Cu) (net 2))
  (via (at 95.504 69.596) (size 0.8) (drill 0.4) (layers F.Cu B.Cu) (net 2))
  (segment (start 76.4905 69.455) (end 76.4905 68.58) (width 0.25) (layer F.Cu) (net 3))
  (segment (start 105.382999 71.279001) (end 78.314501 71.279001) (width 0.25) (layer F.Cu) (net 3))
  (segment (start 109.438 67.224) (end 105.382999 71.279001) (width 0.25) (layer F.Cu) (net 3))
  (segment (start 78.314501 71.279001) (end 76.4905 69.455) (width 0.25) (layer F.Cu) (net 3))
  (segment (start 109.438 66.599) (end 109.438 67.224) (width 0.25) (layer F.Cu) (net 3))
  (segment (start 83.82 68.58) (end 85.344 70.104) (width 0.25) (layer F.Cu) (net 4))
  (segment (start 79.4655 68.58) (end 83.82 68.58) (width 0.25) (layer F.Cu) (net 4))
  (segment (start 109.438 65.549) (end 110.038 65.549) (width 0.25) (layer F.Cu) (net 5))
  (segment (start 110.038 65.549) (end 110.113001 65.473999) (width 0.25) (layer F.Cu) (net 5))
  (segment (start 110.113001 65.473999) (end 110.113001 62.813999) (width 0.25) (layer F.Cu) (net 5))
  (segment (start 110.113001 62.813999) (end 106.019503 58.720501) (width 0.25) (layer F.Cu) (net 5))
  (segment (start 78.947499 58.720501) (end 78.232 59.436) (width 0.25) (layer F.Cu) (net 5))
  (segment (start 106.019503 58.720501) (end 78.947499 58.720501) (width 0.25) (layer F.Cu) (net 5))
  (segment (start 83.312 61.976) (end 78.232 61.976) (width 0.25) (layer F.Cu) (net 6))
  (segment (start 85.344 59.944) (end 83.312 61.976) (width 0.25) (layer F.Cu) (net 6))
  (segment (start 106.878 64.499) (end 107.478 64.499) (width 0.25) (layer F.Cu) (net 7))
  (segment (start 106.146998 65.230002) (end 106.878 64.499) (width 0.25) (layer F.Cu) (net 7))
  (segment (start 71.111 65.230002) (end 106.146998 65.230002) (width 0.25) (layer F.Cu) (net 7))
  (segment (start 70.5 64.619002) (end 71.111 65.230002) (width 0.25) (layer F.Cu) (net 7))
  (segment (start 70.5 62.690002) (end 70.5 64.619002) (width 0.25) (layer F.Cu) (net 7))
  (segment (start 71.675001 61.515001) (end 70.5 62.690002) (width 0.25) (layer F.Cu) (net 7))
  (segment (start 103.015999 68.361001) (end 106.878 64.499) (width 0.25) (layer F.Cu) (net 7))
